 TITLE LINE 1 - Subbasin ID 13 | Simulation Years: 1981-2020
 TITLE LINE 2 - Source: TrabajoFM model
 TITLE LINE 3 - Units: kg/day | DRAINAGE_AREA (km²): {area_str}
 TITLE LINE 4 - Period: 1981-2020
 TITLE LINE 5 - 
 YEAR            FLOYR            SEDYR           ORGNYR           ORGPYR            NO3YR            NH3YR            NO2YR           MINPYR           CBODYR          DISOXYR           CHLAYR         SOLPSTYR         SRBPSTYR          BACTPYR         BACTLPYR          CMTL1YR          CMTL2YR          CMTL3YR
 1981 1.8900000000E+01 1.3608000000E+01 2.8350000000E-01 5.6700000000E-02 0.0000000000E+00 4.7250000000E-01 0.0000000000E+00 9.4500000000E-02 4.1580000000E+00 4.7250000000E-02 1.9000000000E-05 0.0000000000E+00 0.0000000000E+00 0.0000000000E+00 0.0000000000E+00 0.0000000000E+00 0.0000000000E+00 0.0000000000E+00
 1982 1.8300000000E+01 1.3176000000E+01 2.7450000000E-01 5.4900000000E-02 0.0000000000E+00 4.5750000000E-01 0.0000000000E+00 9.1500000000E-02 4.0260000000E+00 4.5750000000E-02 1.8000000000E-05 0.0000000000E+00 0.0000000000E+00 0.0000000000E+00 0.0000000000E+00 0.0000000000E+00 0.0000000000E+00 0.0000000000E+00
 1983 1.7850000000E+01 1.2852000000E+01 2.6775000000E-01 5.3550000000E-02 0.0000000000E+00 4.4625000000E-01 0.0000000000E+00 8.9250000000E-02 3.9270000000E+00 4.4625000000E-02 1.8000000000E-05 0.0000000000E+00 0.0000000000E+00 0.0000000000E+00 0.0000000000E+00 0.0000000000E+00 0.0000000000E+00 0.0000000000E+00
 1984 1.7250000000E+01 1.2420000000E+01 2.5875000000E-01 5.1750000000E-02 0.0000000000E+00 4.3125000000E-01 0.0000000000E+00 8.6250000000E-02 3.7950000000E+00 4.3125000000E-02 1.7000000000E-05 0.0000000000E+00 0.0000000000E+00 0.0000000000E+00 0.0000000000E+00 0.0000000000E+00 0.0000000000E+00 0.0000000000E+00
 1985 1.6800000000E+01 1.2096000000E+01 2.5200000000E-01 5.0400000000E-02 0.0000000000E+00 4.2000000000E-01 0.0000000000E+00 8.4000000000E-02 3.6960000000E+00 4.2000000000E-02 1.7000000000E-05 0.0000000000E+00 0.0000000000E+00 0.0000000000E+00 0.0000000000E+00 0.0000000000E+00 0.0000000000E+00 0.0000000000E+00
 1986 1.6200000000E+01 1.1664000000E+01 2.4300000000E-01 4.8600000000E-02 0.0000000000E+00 4.0500000000E-01 0.0000000000E+00 8.1000000000E-02 3.5640000000E+00 4.0500000000E-02 1.6000000000E-05 0.0000000000E+00 0.0000000000E+00 0.0000000000E+00 0.0000000000E+00 0.0000000000E+00 0.0000000000E+00 0.0000000000E+00
 1987 1.5750000000E+01 1.1340000000E+01 2.3625000000E-01 4.7250000000E-02 0.0000000000E+00 3.9375000000E-01 0.0000000000E+00 7.8750000000E-02 3.4650000000E+00 3.9375000000E-02 1.6000000000E-05 0.0000000000E+00 0.0000000000E+00 0.0000000000E+00 0.0000000000E+00 0.0000000000E+00 0.0000000000E+00 0.0000000000E+00
 1988 1.5150000000E+01 1.0908000000E+01 2.2725000000E-01 4.5450000000E-02 0.0000000000E+00 3.7875000000E-01 0.0000000000E+00 7.5750000000E-02 3.3330000000E+00 3.7875000000E-02 1.5000000000E-05 0.0000000000E+00 0.0000000000E+00 0.0000000000E+00 0.0000000000E+00 0.0000000000E+00 0.0000000000E+00 0.0000000000E+00
 1989 1.4700000000E+01 1.0584000000E+01 2.2050000000E-01 4.4100000000E-02 0.0000000000E+00 3.6750000000E-01 0.0000000000E+00 7.3500000000E-02 3.2340000000E+00 3.6750000000E-02 1.5000000000E-05 0.0000000000E+00 0.0000000000E+00 0.0000000000E+00 0.0000000000E+00 0.0000000000E+00 0.0000000000E+00 0.0000000000E+00
 1990 1.4100000000E+01 1.0152000000E+01 2.1150000000E-01 4.2300000000E-02 0.0000000000E+00 3.5250000000E-01 0.0000000000E+00 7.0500000000E-02 3.1020000000E+00 3.5250000000E-02 1.4000000000E-05 0.0000000000E+00 0.0000000000E+00 0.0000000000E+00 0.0000000000E+00 0.0000000000E+00 0.0000000000E+00 0.0000000000E+00
 1991 1.3650000000E+01 9.8280000000E+00 2.0475000000E-01 4.0950000000E-02 0.0000000000E+00 3.4125000000E-01 0.0000000000E+00 6.8250000000E-02 3.0030000000E+00 3.4125000000E-02 1.4000000000E-05 0.0000000000E+00 0.0000000000E+00 0.0000000000E+00 0.0000000000E+00 0.0000000000E+00 0.0000000000E+00 0.0000000000E+00
 1992 1.3350000000E+01 9.6120000000E+00 2.0025000000E-01 4.0050000000E-02 0.0000000000E+00 3.3375000000E-01 0.0000000000E+00 6.6750000000E-02 2.9370000000E+00 3.3375000000E-02 1.3000000000E-05 0.0000000000E+00 0.0000000000E+00 0.0000000000E+00 0.0000000000E+00 0.0000000000E+00 0.0000000000E+00 0.0000000000E+00
 1993 1.3200000000E+01 9.5040000000E+00 1.9800000000E-01 3.9600000000E-02 0.0000000000E+00 3.3000000000E-01 0.0000000000E+00 6.6000000000E-02 2.9040000000E+00 3.3000000000E-02 1.3000000000E-05 0.0000000000E+00 0.0000000000E+00 0.0000000000E+00 0.0000000000E+00 0.0000000000E+00 0.0000000000E+00 0.0000000000E+00
 1994 1.2900000000E+01 9.2880000000E+00 1.9350000000E-01 3.8700000000E-02 0.0000000000E+00 3.2250000000E-01 0.0000000000E+00 6.4500000000E-02 2.8380000000E+00 3.2250000000E-02 1.3000000000E-05 0.0000000000E+00 0.0000000000E+00 0.0000000000E+00 0.0000000000E+00 0.0000000000E+00 0.0000000000E+00 0.0000000000E+00
 1995 1.2750000000E+01 9.1800000000E+00 1.9125000000E-01 3.8250000000E-02 0.0000000000E+00 3.1875000000E-01 0.0000000000E+00 6.3750000000E-02 2.8050000000E+00 3.1875000000E-02 1.3000000000E-05 0.0000000000E+00 0.0000000000E+00 0.0000000000E+00 0.0000000000E+00 0.0000000000E+00 0.0000000000E+00 0.0000000000E+00
 1996 1.2600000000E+01 9.0720000000E+00 1.8900000000E-01 3.7800000000E-02 0.0000000000E+00 3.1500000000E-01 0.0000000000E+00 6.3000000000E-02 2.7720000000E+00 3.1500000000E-02 1.3000000000E-05 0.0000000000E+00 0.0000000000E+00 0.0000000000E+00 0.0000000000E+00 0.0000000000E+00 0.0000000000E+00 0.0000000000E+00
 1997 1.2300000000E+01 8.8560000000E+00 1.8450000000E-01 3.6900000000E-02 0.0000000000E+00 3.0750000000E-01 0.0000000000E+00 6.1500000000E-02 2.7060000000E+00 3.0750000000E-02 1.2000000000E-05 0.0000000000E+00 0.0000000000E+00 0.0000000000E+00 0.0000000000E+00 0.0000000000E+00 0.0000000000E+00 0.0000000000E+00
 1998 1.2150000000E+01 8.7480000000E+00 1.8225000000E-01 3.6450000000E-02 0.0000000000E+00 3.0375000000E-01 0.0000000000E+00 6.0750000000E-02 2.6730000000E+00 3.0375000000E-02 1.2000000000E-05 0.0000000000E+00 0.0000000000E+00 0.0000000000E+00 0.0000000000E+00 0.0000000000E+00 0.0000000000E+00 0.0000000000E+00
 1999 1.1850000000E+01 8.5320000000E+00 1.7775000000E-01 3.5550000000E-02 0.0000000000E+00 2.9625000000E-01 0.0000000000E+00 5.9250000000E-02 2.6070000000E+00 2.9625000000E-02 1.2000000000E-05 0.0000000000E+00 0.0000000000E+00 0.0000000000E+00 0.0000000000E+00 0.0000000000E+00 0.0000000000E+00 0.0000000000E+00
 2000 1.1700000000E+01 8.4240000000E+00 1.7550000000E-01 3.5100000000E-02 0.0000000000E+00 2.9250000000E-01 0.0000000000E+00 5.8500000000E-02 2.5740000000E+00 2.9250000000E-02 1.2000000000E-05 0.0000000000E+00 0.0000000000E+00 0.0000000000E+00 0.0000000000E+00 0.0000000000E+00 0.0000000000E+00 0.0000000000E+00
 2001 1.1550000000E+01 8.3160000000E+00 1.7325000000E-01 3.4650000000E-02 0.0000000000E+00 2.8875000000E-01 0.0000000000E+00 5.7750000000E-02 2.5410000000E+00 2.8875000000E-02 1.2000000000E-05 0.0000000000E+00 0.0000000000E+00 0.0000000000E+00 0.0000000000E+00 0.0000000000E+00 0.0000000000E+00 0.0000000000E+00
 2002 1.1250000000E+01 8.1000000000E+00 1.6875000000E-01 3.3750000000E-02 0.0000000000E+00 2.8125000000E-01 0.0000000000E+00 5.6250000000E-02 2.4750000000E+00 2.8125000000E-02 1.1000000000E-05 0.0000000000E+00 0.0000000000E+00 0.0000000000E+00 0.0000000000E+00 0.0000000000E+00 0.0000000000E+00 0.0000000000E+00
 2003 1.1100000000E+01 7.9920000000E+00 1.6650000000E-01 3.3300000000E-02 0.0000000000E+00 2.7750000000E-01 0.0000000000E+00 5.5500000000E-02 2.4420000000E+00 2.7750000000E-02 1.1000000000E-05 0.0000000000E+00 0.0000000000E+00 0.0000000000E+00 0.0000000000E+00 0.0000000000E+00 0.0000000000E+00 0.0000000000E+00
 2004 1.0950000000E+01 7.8840000000E+00 1.6425000000E-01 3.2850000000E-02 0.0000000000E+00 2.7375000000E-01 0.0000000000E+00 5.4750000000E-02 2.4090000000E+00 2.7375000000E-02 1.1000000000E-05 0.0000000000E+00 0.0000000000E+00 0.0000000000E+00 0.0000000000E+00 0.0000000000E+00 0.0000000000E+00 0.0000000000E+00
 2005 1.0800000000E+01 7.7760000000E+00 1.6200000000E-01 3.2400000000E-02 0.0000000000E+00 2.7000000000E-01 0.0000000000E+00 5.4000000000E-02 2.3760000000E+00 2.7000000000E-02 1.1000000000E-05 0.0000000000E+00 0.0000000000E+00 0.0000000000E+00 0.0000000000E+00 0.0000000000E+00 0.0000000000E+00 0.0000000000E+00
 2006 1.0650000000E+01 7.6680000000E+00 1.5975000000E-01 3.1950000000E-02 0.0000000000E+00 2.6625000000E-01 0.0000000000E+00 5.3250000000E-02 2.3430000000E+00 2.6625000000E-02 1.1000000000E-05 0.0000000000E+00 0.0000000000E+00 0.0000000000E+00 0.0000000000E+00 0.0000000000E+00 0.0000000000E+00 0.0000000000E+00
 2007 1.0500000000E+01 7.5600000000E+00 1.5750000000E-01 3.1500000000E-02 0.0000000000E+00 2.6250000000E-01 0.0000000000E+00 5.2500000000E-02 2.3100000000E+00 2.6250000000E-02 1.0000000000E-05 0.0000000000E+00 0.0000000000E+00 0.0000000000E+00 0.0000000000E+00 0.0000000000E+00 0.0000000000E+00 0.0000000000E+00
 2008 1.0350000000E+01 7.4520000000E+00 1.5525000000E-01 3.1050000000E-02 0.0000000000E+00 2.5875000000E-01 0.0000000000E+00 5.1750000000E-02 2.2770000000E+00 2.5875000000E-02 1.0000000000E-05 0.0000000000E+00 0.0000000000E+00 0.0000000000E+00 0.0000000000E+00 0.0000000000E+00 0.0000000000E+00 0.0000000000E+00
 2009 1.0200000000E+01 7.3440000000E+00 1.5300000000E-01 3.0600000000E-02 0.0000000000E+00 2.5500000000E-01 0.0000000000E+00 5.1000000000E-02 2.2440000000E+00 2.5500000000E-02 1.0000000000E-05 0.0000000000E+00 0.0000000000E+00 0.0000000000E+00 0.0000000000E+00 0.0000000000E+00 0.0000000000E+00 0.0000000000E+00
 2010 1.0050000000E+01 7.2360000000E+00 1.5075000000E-01 3.0150000000E-02 0.0000000000E+00 2.5125000000E-01 0.0000000000E+00 5.0250000000E-02 2.2110000000E+00 2.5125000000E-02 1.0000000000E-05 0.0000000000E+00 0.0000000000E+00 0.0000000000E+00 0.0000000000E+00 0.0000000000E+00 0.0000000000E+00 0.0000000000E+00
 2011 9.9000000000E+00 7.1280000000E+00 1.4850000000E-01 2.9700000000E-02 0.0000000000E+00 2.4750000000E-01 0.0000000000E+00 4.9500000000E-02 2.1780000000E+00 2.4750000000E-02 1.0000000000E-05 0.0000000000E+00 0.0000000000E+00 0.0000000000E+00 0.0000000000E+00 0.0000000000E+00 0.0000000000E+00 0.0000000000E+00
 2012 9.9000000000E+00 7.1280000000E+00 1.4850000000E-01 2.9700000000E-02 0.0000000000E+00 2.4750000000E-01 0.0000000000E+00 4.9500000000E-02 2.1780000000E+00 2.4750000000E-02 1.0000000000E-05 0.0000000000E+00 0.0000000000E+00 0.0000000000E+00 0.0000000000E+00 0.0000000000E+00 0.0000000000E+00 0.0000000000E+00
 2013 1.0050000000E+01 7.2360000000E+00 1.5075000000E-01 3.0150000000E-02 0.0000000000E+00 2.5125000000E-01 0.0000000000E+00 5.0250000000E-02 2.2110000000E+00 2.5125000000E-02 1.0000000000E-05 0.0000000000E+00 0.0000000000E+00 0.0000000000E+00 0.0000000000E+00 0.0000000000E+00 0.0000000000E+00 0.0000000000E+00
 2014 1.0050000000E+01 7.2360000000E+00 1.5075000000E-01 3.0150000000E-02 0.0000000000E+00 2.5125000000E-01 0.0000000000E+00 5.0250000000E-02 2.2110000000E+00 2.5125000000E-02 1.0000000000E-05 0.0000000000E+00 0.0000000000E+00 0.0000000000E+00 0.0000000000E+00 0.0000000000E+00 0.0000000000E+00 0.0000000000E+00
 2015 1.0200000000E+01 7.3440000000E+00 1.5300000000E-01 3.0600000000E-02 0.0000000000E+00 2.5500000000E-01 0.0000000000E+00 5.1000000000E-02 2.2440000000E+00 2.5500000000E-02 1.0000000000E-05 0.0000000000E+00 0.0000000000E+00 0.0000000000E+00 0.0000000000E+00 0.0000000000E+00 0.0000000000E+00 0.0000000000E+00
 2016 1.0200000000E+01 7.3440000000E+00 1.5300000000E-01 3.0600000000E-02 0.0000000000E+00 2.5500000000E-01 0.0000000000E+00 5.1000000000E-02 2.2440000000E+00 2.5500000000E-02 1.0000000000E-05 0.0000000000E+00 0.0000000000E+00 0.0000000000E+00 0.0000000000E+00 0.0000000000E+00 0.0000000000E+00 0.0000000000E+00
 2017 1.0350000000E+01 7.4520000000E+00 1.5525000000E-01 3.1050000000E-02 0.0000000000E+00 2.5875000000E-01 0.0000000000E+00 5.1750000000E-02 2.2770000000E+00 2.5875000000E-02 1.0000000000E-05 0.0000000000E+00 0.0000000000E+00 0.0000000000E+00 0.0000000000E+00 0.0000000000E+00 0.0000000000E+00 0.0000000000E+00
 2018 1.0350000000E+01 7.4520000000E+00 1.5525000000E-01 3.1050000000E-02 0.0000000000E+00 2.5875000000E-01 0.0000000000E+00 5.1750000000E-02 2.2770000000E+00 2.5875000000E-02 1.0000000000E-05 0.0000000000E+00 0.0000000000E+00 0.0000000000E+00 0.0000000000E+00 0.0000000000E+00 0.0000000000E+00 0.0000000000E+00
 2019 1.0500000000E+01 7.5600000000E+00 1.5750000000E-01 3.1500000000E-02 0.0000000000E+00 2.6250000000E-01 0.0000000000E+00 5.2500000000E-02 2.3100000000E+00 2.6250000000E-02 1.0000000000E-05 0.0000000000E+00 0.0000000000E+00 0.0000000000E+00 0.0000000000E+00 0.0000000000E+00 0.0000000000E+00 0.0000000000E+00
 2020 1.0500000000E+01 7.5600000000E+00 1.5750000000E-01 3.1500000000E-02 0.0000000000E+00 2.6250000000E-01 0.0000000000E+00 5.2500000000E-02 2.3100000000E+00 2.6250000000E-02 1.0000000000E-05 0.0000000000E+00 0.0000000000E+00 0.0000000000E+00 0.0000000000E+00 0.0000000000E+00 0.0000000000E+00 0.0000000000E+00
