 TITLE LINE 1 - Subbasin ID 8 | Simulation Years: 1981-2020
 TITLE LINE 2 - Source: TrabajoFM model
 TITLE LINE 3 - Units: kg/day | DRAINAGE_AREA (km²): {area_str}
 TITLE LINE 4 - Period: 1981-2020
 TITLE LINE 5 - 
 YEAR            FLOYR            SEDYR           ORGNYR           ORGPYR            NO3YR            NH3YR            NO2YR           MINPYR           CBODYR          DISOXYR           CHLAYR         SOLPSTYR         SRBPSTYR          BACTPYR         BACTLPYR          CMTL1YR          CMTL2YR          CMTL3YR
 1981 5.8350000000E+01 4.2012000000E+01 8.7525000000E-01 1.7505000000E-01 0.0000000000E+00 1.4587500000E+00 0.0000000000E+00 2.9175000000E-01 1.2837000000E+01 1.4587500000E-01 5.8000000000E-05 0.0000000000E+00 0.0000000000E+00 0.0000000000E+00 0.0000000000E+00 0.0000000000E+00 0.0000000000E+00 0.0000000000E+00
 1982 5.8800000000E+01 4.2336000000E+01 8.8200000000E-01 1.7640000000E-01 0.0000000000E+00 1.4700000000E+00 0.0000000000E+00 2.9400000000E-01 1.2936000000E+01 1.4700000000E-01 5.9000000000E-05 0.0000000000E+00 0.0000000000E+00 0.0000000000E+00 0.0000000000E+00 0.0000000000E+00 0.0000000000E+00 0.0000000000E+00
 1983 5.9250000000E+01 4.2660000000E+01 8.8875000000E-01 1.7775000000E-01 0.0000000000E+00 1.4812500000E+00 0.0000000000E+00 2.9625000000E-01 1.3035000000E+01 1.4812500000E-01 5.9000000000E-05 0.0000000000E+00 0.0000000000E+00 0.0000000000E+00 0.0000000000E+00 0.0000000000E+00 0.0000000000E+00 0.0000000000E+00
 1984 5.9700000000E+01 4.2984000000E+01 8.9550000000E-01 1.7910000000E-01 0.0000000000E+00 1.4925000000E+00 0.0000000000E+00 2.9850000000E-01 1.3134000000E+01 1.4925000000E-01 6.0000000000E-05 0.0000000000E+00 0.0000000000E+00 0.0000000000E+00 0.0000000000E+00 0.0000000000E+00 0.0000000000E+00 0.0000000000E+00
 1985 6.0150000000E+01 4.3308000000E+01 9.0225000000E-01 1.8045000000E-01 0.0000000000E+00 1.5037500000E+00 0.0000000000E+00 3.0075000000E-01 1.3233000000E+01 1.5037500000E-01 6.0000000000E-05 0.0000000000E+00 0.0000000000E+00 0.0000000000E+00 0.0000000000E+00 0.0000000000E+00 0.0000000000E+00 0.0000000000E+00
 1986 6.0600000000E+01 4.3632000000E+01 9.0900000000E-01 1.8180000000E-01 0.0000000000E+00 1.5150000000E+00 0.0000000000E+00 3.0300000000E-01 1.3332000000E+01 1.5150000000E-01 6.1000000000E-05 0.0000000000E+00 0.0000000000E+00 0.0000000000E+00 0.0000000000E+00 0.0000000000E+00 0.0000000000E+00 0.0000000000E+00
 1987 6.1050000000E+01 4.3956000000E+01 9.1575000000E-01 1.8315000000E-01 0.0000000000E+00 1.5262500000E+00 0.0000000000E+00 3.0525000000E-01 1.3431000000E+01 1.5262500000E-01 6.1000000000E-05 0.0000000000E+00 0.0000000000E+00 0.0000000000E+00 0.0000000000E+00 0.0000000000E+00 0.0000000000E+00 0.0000000000E+00
 1988 6.1500000000E+01 4.4280000000E+01 9.2250000000E-01 1.8450000000E-01 0.0000000000E+00 1.5375000000E+00 0.0000000000E+00 3.0750000000E-01 1.3530000000E+01 1.5375000000E-01 6.2000000000E-05 0.0000000000E+00 0.0000000000E+00 0.0000000000E+00 0.0000000000E+00 0.0000000000E+00 0.0000000000E+00 0.0000000000E+00
 1989 6.1950000000E+01 4.4604000000E+01 9.2925000000E-01 1.8585000000E-01 0.0000000000E+00 1.5487500000E+00 0.0000000000E+00 3.0975000000E-01 1.3629000000E+01 1.5487500000E-01 6.2000000000E-05 0.0000000000E+00 0.0000000000E+00 0.0000000000E+00 0.0000000000E+00 0.0000000000E+00 0.0000000000E+00 0.0000000000E+00
 1990 6.2400000000E+01 4.4928000000E+01 9.3600000000E-01 1.8720000000E-01 0.0000000000E+00 1.5600000000E+00 0.0000000000E+00 3.1200000000E-01 1.3728000000E+01 1.5600000000E-01 6.2000000000E-05 0.0000000000E+00 0.0000000000E+00 0.0000000000E+00 0.0000000000E+00 0.0000000000E+00 0.0000000000E+00 0.0000000000E+00
 1991 6.3000000000E+01 4.5360000000E+01 9.4500000000E-01 1.8900000000E-01 0.0000000000E+00 1.5750000000E+00 0.0000000000E+00 3.1500000000E-01 1.3860000000E+01 1.5750000000E-01 6.3000000000E-05 0.0000000000E+00 0.0000000000E+00 0.0000000000E+00 0.0000000000E+00 0.0000000000E+00 0.0000000000E+00 0.0000000000E+00
 1992 6.2250000000E+01 4.4820000000E+01 9.3375000000E-01 1.8675000000E-01 0.0000000000E+00 1.5562500000E+00 0.0000000000E+00 3.1125000000E-01 1.3695000000E+01 1.5562500000E-01 6.2000000000E-05 0.0000000000E+00 0.0000000000E+00 0.0000000000E+00 0.0000000000E+00 0.0000000000E+00 0.0000000000E+00 0.0000000000E+00
 1993 6.1650000000E+01 4.4388000000E+01 9.2475000000E-01 1.8495000000E-01 0.0000000000E+00 1.5412500000E+00 0.0000000000E+00 3.0825000000E-01 1.3563000000E+01 1.5412500000E-01 6.2000000000E-05 0.0000000000E+00 0.0000000000E+00 0.0000000000E+00 0.0000000000E+00 0.0000000000E+00 0.0000000000E+00 0.0000000000E+00
 1994 6.0900000000E+01 4.3848000000E+01 9.1350000000E-01 1.8270000000E-01 0.0000000000E+00 1.5225000000E+00 0.0000000000E+00 3.0450000000E-01 1.3398000000E+01 1.5225000000E-01 6.1000000000E-05 0.0000000000E+00 0.0000000000E+00 0.0000000000E+00 0.0000000000E+00 0.0000000000E+00 0.0000000000E+00 0.0000000000E+00
 1995 6.0300000000E+01 4.3416000000E+01 9.0450000000E-01 1.8090000000E-01 0.0000000000E+00 1.5075000000E+00 0.0000000000E+00 3.0150000000E-01 1.3266000000E+01 1.5075000000E-01 6.0000000000E-05 0.0000000000E+00 0.0000000000E+00 0.0000000000E+00 0.0000000000E+00 0.0000000000E+00 0.0000000000E+00 0.0000000000E+00
 1996 5.9550000000E+01 4.2876000000E+01 8.9325000000E-01 1.7865000000E-01 0.0000000000E+00 1.4887500000E+00 0.0000000000E+00 2.9775000000E-01 1.3101000000E+01 1.4887500000E-01 6.0000000000E-05 0.0000000000E+00 0.0000000000E+00 0.0000000000E+00 0.0000000000E+00 0.0000000000E+00 0.0000000000E+00 0.0000000000E+00
 1997 5.8950000000E+01 4.2444000000E+01 8.8425000000E-01 1.7685000000E-01 0.0000000000E+00 1.4737500000E+00 0.0000000000E+00 2.9475000000E-01 1.2969000000E+01 1.4737500000E-01 5.9000000000E-05 0.0000000000E+00 0.0000000000E+00 0.0000000000E+00 0.0000000000E+00 0.0000000000E+00 0.0000000000E+00 0.0000000000E+00
 1998 5.8200000000E+01 4.1904000000E+01 8.7300000000E-01 1.7460000000E-01 0.0000000000E+00 1.4550000000E+00 0.0000000000E+00 2.9100000000E-01 1.2804000000E+01 1.4550000000E-01 5.8000000000E-05 0.0000000000E+00 0.0000000000E+00 0.0000000000E+00 0.0000000000E+00 0.0000000000E+00 0.0000000000E+00 0.0000000000E+00
 1999 5.7600000000E+01 4.1472000000E+01 8.6400000000E-01 1.7280000000E-01 0.0000000000E+00 1.4400000000E+00 0.0000000000E+00 2.8800000000E-01 1.2672000000E+01 1.4400000000E-01 5.8000000000E-05 0.0000000000E+00 0.0000000000E+00 0.0000000000E+00 0.0000000000E+00 0.0000000000E+00 0.0000000000E+00 0.0000000000E+00
 2000 5.6850000000E+01 4.0932000000E+01 8.5275000000E-01 1.7055000000E-01 0.0000000000E+00 1.4212500000E+00 0.0000000000E+00 2.8425000000E-01 1.2507000000E+01 1.4212500000E-01 5.7000000000E-05 0.0000000000E+00 0.0000000000E+00 0.0000000000E+00 0.0000000000E+00 0.0000000000E+00 0.0000000000E+00 0.0000000000E+00
 2001 5.6250000000E+01 4.0500000000E+01 8.4375000000E-01 1.6875000000E-01 0.0000000000E+00 1.4062500000E+00 0.0000000000E+00 2.8125000000E-01 1.2375000000E+01 1.4062500000E-01 5.6000000000E-05 0.0000000000E+00 0.0000000000E+00 0.0000000000E+00 0.0000000000E+00 0.0000000000E+00 0.0000000000E+00 0.0000000000E+00
 2002 5.5650000000E+01 4.0068000000E+01 8.3475000000E-01 1.6695000000E-01 0.0000000000E+00 1.3912500000E+00 0.0000000000E+00 2.7825000000E-01 1.2243000000E+01 1.3912500000E-01 5.6000000000E-05 0.0000000000E+00 0.0000000000E+00 0.0000000000E+00 0.0000000000E+00 0.0000000000E+00 0.0000000000E+00 0.0000000000E+00
 2003 5.5050000000E+01 3.9636000000E+01 8.2575000000E-01 1.6515000000E-01 0.0000000000E+00 1.3762500000E+00 0.0000000000E+00 2.7525000000E-01 1.2111000000E+01 1.3762500000E-01 5.5000000000E-05 0.0000000000E+00 0.0000000000E+00 0.0000000000E+00 0.0000000000E+00 0.0000000000E+00 0.0000000000E+00 0.0000000000E+00
 2004 5.4450000000E+01 3.9204000000E+01 8.1675000000E-01 1.6335000000E-01 0.0000000000E+00 1.3612500000E+00 0.0000000000E+00 2.7225000000E-01 1.1979000000E+01 1.3612500000E-01 5.4000000000E-05 0.0000000000E+00 0.0000000000E+00 0.0000000000E+00 0.0000000000E+00 0.0000000000E+00 0.0000000000E+00 0.0000000000E+00
 2005 5.3850000000E+01 3.8772000000E+01 8.0775000000E-01 1.6155000000E-01 0.0000000000E+00 1.3462500000E+00 0.0000000000E+00 2.6925000000E-01 1.1847000000E+01 1.3462500000E-01 5.4000000000E-05 0.0000000000E+00 0.0000000000E+00 0.0000000000E+00 0.0000000000E+00 0.0000000000E+00 0.0000000000E+00 0.0000000000E+00
 2006 5.3400000000E+01 3.8448000000E+01 8.0100000000E-01 1.6020000000E-01 0.0000000000E+00 1.3350000000E+00 0.0000000000E+00 2.6700000000E-01 1.1748000000E+01 1.3350000000E-01 5.3000000000E-05 0.0000000000E+00 0.0000000000E+00 0.0000000000E+00 0.0000000000E+00 0.0000000000E+00 0.0000000000E+00 0.0000000000E+00
 2007 5.2800000000E+01 3.8016000000E+01 7.9200000000E-01 1.5840000000E-01 0.0000000000E+00 1.3200000000E+00 0.0000000000E+00 2.6400000000E-01 1.1616000000E+01 1.3200000000E-01 5.3000000000E-05 0.0000000000E+00 0.0000000000E+00 0.0000000000E+00 0.0000000000E+00 0.0000000000E+00 0.0000000000E+00 0.0000000000E+00
 2008 5.2200000000E+01 3.7584000000E+01 7.8300000000E-01 1.5660000000E-01 0.0000000000E+00 1.3050000000E+00 0.0000000000E+00 2.6100000000E-01 1.1484000000E+01 1.3050000000E-01 5.2000000000E-05 0.0000000000E+00 0.0000000000E+00 0.0000000000E+00 0.0000000000E+00 0.0000000000E+00 0.0000000000E+00 0.0000000000E+00
 2009 5.1600000000E+01 3.7152000000E+01 7.7400000000E-01 1.5480000000E-01 0.0000000000E+00 1.2900000000E+00 0.0000000000E+00 2.5800000000E-01 1.1352000000E+01 1.2900000000E-01 5.2000000000E-05 0.0000000000E+00 0.0000000000E+00 0.0000000000E+00 0.0000000000E+00 0.0000000000E+00 0.0000000000E+00 0.0000000000E+00
 2010 5.1000000000E+01 3.6720000000E+01 7.6500000000E-01 1.5300000000E-01 0.0000000000E+00 1.2750000000E+00 0.0000000000E+00 2.5500000000E-01 1.1220000000E+01 1.2750000000E-01 5.1000000000E-05 0.0000000000E+00 0.0000000000E+00 0.0000000000E+00 0.0000000000E+00 0.0000000000E+00 0.0000000000E+00 0.0000000000E+00
 2011 5.0550000000E+01 3.6396000000E+01 7.5825000000E-01 1.5165000000E-01 0.0000000000E+00 1.2637500000E+00 0.0000000000E+00 2.5275000000E-01 1.1121000000E+01 1.2637500000E-01 5.1000000000E-05 0.0000000000E+00 0.0000000000E+00 0.0000000000E+00 0.0000000000E+00 0.0000000000E+00 0.0000000000E+00 0.0000000000E+00
 2012 4.9800000000E+01 3.5856000000E+01 7.4700000000E-01 1.4940000000E-01 0.0000000000E+00 1.2450000000E+00 0.0000000000E+00 2.4900000000E-01 1.0956000000E+01 1.2450000000E-01 5.0000000000E-05 0.0000000000E+00 0.0000000000E+00 0.0000000000E+00 0.0000000000E+00 0.0000000000E+00 0.0000000000E+00 0.0000000000E+00
 2013 4.9200000000E+01 3.5424000000E+01 7.3800000000E-01 1.4760000000E-01 0.0000000000E+00 1.2300000000E+00 0.0000000000E+00 2.4600000000E-01 1.0824000000E+01 1.2300000000E-01 4.9000000000E-05 0.0000000000E+00 0.0000000000E+00 0.0000000000E+00 0.0000000000E+00 0.0000000000E+00 0.0000000000E+00 0.0000000000E+00
 2014 4.8600000000E+01 3.4992000000E+01 7.2900000000E-01 1.4580000000E-01 0.0000000000E+00 1.2150000000E+00 0.0000000000E+00 2.4300000000E-01 1.0692000000E+01 1.2150000000E-01 4.9000000000E-05 0.0000000000E+00 0.0000000000E+00 0.0000000000E+00 0.0000000000E+00 0.0000000000E+00 0.0000000000E+00 0.0000000000E+00
 2015 4.7850000000E+01 3.4452000000E+01 7.1775000000E-01 1.4355000000E-01 0.0000000000E+00 1.1962500000E+00 0.0000000000E+00 2.3925000000E-01 1.0527000000E+01 1.1962500000E-01 4.8000000000E-05 0.0000000000E+00 0.0000000000E+00 0.0000000000E+00 0.0000000000E+00 0.0000000000E+00 0.0000000000E+00 0.0000000000E+00
 2016 4.7250000000E+01 3.4020000000E+01 7.0875000000E-01 1.4175000000E-01 0.0000000000E+00 1.1812500000E+00 0.0000000000E+00 2.3625000000E-01 1.0395000000E+01 1.1812500000E-01 4.7000000000E-05 0.0000000000E+00 0.0000000000E+00 0.0000000000E+00 0.0000000000E+00 0.0000000000E+00 0.0000000000E+00 0.0000000000E+00
 2017 4.6650000000E+01 3.3588000000E+01 6.9975000000E-01 1.3995000000E-01 0.0000000000E+00 1.1662500000E+00 0.0000000000E+00 2.3325000000E-01 1.0263000000E+01 1.1662500000E-01 4.7000000000E-05 0.0000000000E+00 0.0000000000E+00 0.0000000000E+00 0.0000000000E+00 0.0000000000E+00 0.0000000000E+00 0.0000000000E+00
 2018 4.5900000000E+01 3.3048000000E+01 6.8850000000E-01 1.3770000000E-01 0.0000000000E+00 1.1475000000E+00 0.0000000000E+00 2.2950000000E-01 1.0098000000E+01 1.1475000000E-01 4.6000000000E-05 0.0000000000E+00 0.0000000000E+00 0.0000000000E+00 0.0000000000E+00 0.0000000000E+00 0.0000000000E+00 0.0000000000E+00
 2019 4.5300000000E+01 3.2616000000E+01 6.7950000000E-01 1.3590000000E-01 0.0000000000E+00 1.1325000000E+00 0.0000000000E+00 2.2650000000E-01 9.9660000000E+00 1.1325000000E-01 4.5000000000E-05 0.0000000000E+00 0.0000000000E+00 0.0000000000E+00 0.0000000000E+00 0.0000000000E+00 0.0000000000E+00 0.0000000000E+00
 2020 4.4700000000E+01 3.2184000000E+01 6.7050000000E-01 1.3410000000E-01 0.0000000000E+00 1.1175000000E+00 0.0000000000E+00 2.2350000000E-01 9.8340000000E+00 1.1175000000E-01 4.5000000000E-05 0.0000000000E+00 0.0000000000E+00 0.0000000000E+00 0.0000000000E+00 0.0000000000E+00 0.0000000000E+00 0.0000000000E+00
