 TITLE LINE 1 - Subbasin ID 10 | Simulation Years: 1981-2020
 TITLE LINE 2 - Source: TrabajoFM model
 TITLE LINE 3 - Units: kg/day | DRAINAGE_AREA (km²): {area_str}
 TITLE LINE 4 - Period: 1981-2020
 TITLE LINE 5 - 
 YEAR            FLOYR            SEDYR           ORGNYR           ORGPYR            NO3YR            NH3YR            NO2YR           MINPYR           CBODYR          DISOXYR           CHLAYR         SOLPSTYR         SRBPSTYR          BACTPYR         BACTLPYR          CMTL1YR          CMTL2YR          CMTL3YR
 1981 5.0145000000E+02 3.6104400000E+02 7.5217500000E+00 1.5043500000E+00 0.0000000000E+00 1.2536250000E+01 0.0000000000E+00 2.5072500000E+00 1.1031900000E+02 1.2536250000E+00 5.0100000000E-04 0.0000000000E+00 0.0000000000E+00 0.0000000000E+00 0.0000000000E+00 0.0000000000E+00 0.0000000000E+00 0.0000000000E+00
 1982 5.0385000000E+02 3.6277200000E+02 7.5577500000E+00 1.5115500000E+00 0.0000000000E+00 1.2596250000E+01 0.0000000000E+00 2.5192500000E+00 1.1084700000E+02 1.2596250000E+00 5.0400000000E-04 0.0000000000E+00 0.0000000000E+00 0.0000000000E+00 0.0000000000E+00 0.0000000000E+00 0.0000000000E+00 0.0000000000E+00
 1983 5.0625000000E+02 3.6450000000E+02 7.5937500000E+00 1.5187500000E+00 0.0000000000E+00 1.2656250000E+01 0.0000000000E+00 2.5312500000E+00 1.1137500000E+02 1.2656250000E+00 5.0600000000E-04 0.0000000000E+00 0.0000000000E+00 0.0000000000E+00 0.0000000000E+00 0.0000000000E+00 0.0000000000E+00 0.0000000000E+00
 1984 5.0865000000E+02 3.6622800000E+02 7.6297500000E+00 1.5259500000E+00 0.0000000000E+00 1.2716250000E+01 0.0000000000E+00 2.5432500000E+00 1.1190300000E+02 1.2716250000E+00 5.0900000000E-04 0.0000000000E+00 0.0000000000E+00 0.0000000000E+00 0.0000000000E+00 0.0000000000E+00 0.0000000000E+00 0.0000000000E+00
 1985 5.1105000000E+02 3.6795600000E+02 7.6657500000E+00 1.5331500000E+00 0.0000000000E+00 1.2776250000E+01 0.0000000000E+00 2.5552500000E+00 1.1243100000E+02 1.2776250000E+00 5.1100000000E-04 0.0000000000E+00 0.0000000000E+00 0.0000000000E+00 0.0000000000E+00 0.0000000000E+00 0.0000000000E+00 0.0000000000E+00
 1986 5.1345000000E+02 3.6968400000E+02 7.7017500000E+00 1.5403500000E+00 0.0000000000E+00 1.2836250000E+01 0.0000000000E+00 2.5672500000E+00 1.1295900000E+02 1.2836250000E+00 5.1300000000E-04 0.0000000000E+00 0.0000000000E+00 0.0000000000E+00 0.0000000000E+00 0.0000000000E+00 0.0000000000E+00 0.0000000000E+00
 1987 5.1585000000E+02 3.7141200000E+02 7.7377500000E+00 1.5475500000E+00 0.0000000000E+00 1.2896250000E+01 0.0000000000E+00 2.5792500000E+00 1.1348700000E+02 1.2896250000E+00 5.1600000000E-04 0.0000000000E+00 0.0000000000E+00 0.0000000000E+00 0.0000000000E+00 0.0000000000E+00 0.0000000000E+00 0.0000000000E+00
 1988 5.1825000000E+02 3.7314000000E+02 7.7737500000E+00 1.5547500000E+00 0.0000000000E+00 1.2956250000E+01 0.0000000000E+00 2.5912500000E+00 1.1401500000E+02 1.2956250000E+00 5.1800000000E-04 0.0000000000E+00 0.0000000000E+00 0.0000000000E+00 0.0000000000E+00 0.0000000000E+00 0.0000000000E+00 0.0000000000E+00
 1989 5.2065000000E+02 3.7486800000E+02 7.8097500000E+00 1.5619500000E+00 0.0000000000E+00 1.3016250000E+01 0.0000000000E+00 2.6032500000E+00 1.1454300000E+02 1.3016250000E+00 5.2100000000E-04 0.0000000000E+00 0.0000000000E+00 0.0000000000E+00 0.0000000000E+00 0.0000000000E+00 0.0000000000E+00 0.0000000000E+00
 1990 5.2305000000E+02 3.7659600000E+02 7.8457500000E+00 1.5691500000E+00 0.0000000000E+00 1.3076250000E+01 0.0000000000E+00 2.6152500000E+00 1.1507100000E+02 1.3076250000E+00 5.2300000000E-04 0.0000000000E+00 0.0000000000E+00 0.0000000000E+00 0.0000000000E+00 0.0000000000E+00 0.0000000000E+00 0.0000000000E+00
 1991 5.2545000000E+02 3.7832400000E+02 7.8817500000E+00 1.5763500000E+00 0.0000000000E+00 1.3136250000E+01 0.0000000000E+00 2.6272500000E+00 1.1559900000E+02 1.3136250000E+00 5.2500000000E-04 0.0000000000E+00 0.0000000000E+00 0.0000000000E+00 0.0000000000E+00 0.0000000000E+00 0.0000000000E+00 0.0000000000E+00
 1992 5.3025000000E+02 3.8178000000E+02 7.9537500000E+00 1.5907500000E+00 0.0000000000E+00 1.3256250000E+01 0.0000000000E+00 2.6512500000E+00 1.1665500000E+02 1.3256250000E+00 5.3000000000E-04 0.0000000000E+00 0.0000000000E+00 0.0000000000E+00 0.0000000000E+00 0.0000000000E+00 0.0000000000E+00 0.0000000000E+00
 1993 5.3505000000E+02 3.8523600000E+02 8.0257500000E+00 1.6051500000E+00 0.0000000000E+00 1.3376250000E+01 0.0000000000E+00 2.6752500000E+00 1.1771100000E+02 1.3376250000E+00 5.3500000000E-04 0.0000000000E+00 0.0000000000E+00 0.0000000000E+00 0.0000000000E+00 0.0000000000E+00 0.0000000000E+00 0.0000000000E+00
 1994 5.3985000000E+02 3.8869200000E+02 8.0977500000E+00 1.6195500000E+00 0.0000000000E+00 1.3496250000E+01 0.0000000000E+00 2.6992500000E+00 1.1876700000E+02 1.3496250000E+00 5.4000000000E-04 0.0000000000E+00 0.0000000000E+00 0.0000000000E+00 0.0000000000E+00 0.0000000000E+00 0.0000000000E+00 0.0000000000E+00
 1995 5.4465000000E+02 3.9214800000E+02 8.1697500000E+00 1.6339500000E+00 0.0000000000E+00 1.3616250000E+01 0.0000000000E+00 2.7232500000E+00 1.1982300000E+02 1.3616250000E+00 5.4500000000E-04 0.0000000000E+00 0.0000000000E+00 0.0000000000E+00 0.0000000000E+00 0.0000000000E+00 0.0000000000E+00 0.0000000000E+00
 1996 5.4960000000E+02 3.9571200000E+02 8.2440000000E+00 1.6488000000E+00 0.0000000000E+00 1.3740000000E+01 0.0000000000E+00 2.7480000000E+00 1.2091200000E+02 1.3740000000E+00 5.5000000000E-04 0.0000000000E+00 0.0000000000E+00 0.0000000000E+00 0.0000000000E+00 0.0000000000E+00 0.0000000000E+00 0.0000000000E+00
 1997 5.5440000000E+02 3.9916800000E+02 8.3160000000E+00 1.6632000000E+00 0.0000000000E+00 1.3860000000E+01 0.0000000000E+00 2.7720000000E+00 1.2196800000E+02 1.3860000000E+00 5.5400000000E-04 0.0000000000E+00 0.0000000000E+00 0.0000000000E+00 0.0000000000E+00 0.0000000000E+00 0.0000000000E+00 0.0000000000E+00
 1998 5.5920000000E+02 4.0262400000E+02 8.3880000000E+00 1.6776000000E+00 0.0000000000E+00 1.3980000000E+01 0.0000000000E+00 2.7960000000E+00 1.2302400000E+02 1.3980000000E+00 5.5900000000E-04 0.0000000000E+00 0.0000000000E+00 0.0000000000E+00 0.0000000000E+00 0.0000000000E+00 0.0000000000E+00 0.0000000000E+00
 1999 5.6400000000E+02 4.0608000000E+02 8.4600000000E+00 1.6920000000E+00 0.0000000000E+00 1.4100000000E+01 0.0000000000E+00 2.8200000000E+00 1.2408000000E+02 1.4100000000E+00 5.6400000000E-04 0.0000000000E+00 0.0000000000E+00 0.0000000000E+00 0.0000000000E+00 0.0000000000E+00 0.0000000000E+00 0.0000000000E+00
 2000 5.6880000000E+02 4.0953600000E+02 8.5320000000E+00 1.7064000000E+00 0.0000000000E+00 1.4220000000E+01 0.0000000000E+00 2.8440000000E+00 1.2513600000E+02 1.4220000000E+00 5.6900000000E-04 0.0000000000E+00 0.0000000000E+00 0.0000000000E+00 0.0000000000E+00 0.0000000000E+00 0.0000000000E+00 0.0000000000E+00
 2001 5.7375000000E+02 4.1310000000E+02 8.6062500000E+00 1.7212500000E+00 0.0000000000E+00 1.4343750000E+01 0.0000000000E+00 2.8687500000E+00 1.2622500000E+02 1.4343750000E+00 5.7400000000E-04 0.0000000000E+00 0.0000000000E+00 0.0000000000E+00 0.0000000000E+00 0.0000000000E+00 0.0000000000E+00 0.0000000000E+00
 2002 5.7660000000E+02 4.1515200000E+02 8.6490000000E+00 1.7298000000E+00 0.0000000000E+00 1.4415000000E+01 0.0000000000E+00 2.8830000000E+00 1.2685200000E+02 1.4415000000E+00 5.7700000000E-04 0.0000000000E+00 0.0000000000E+00 0.0000000000E+00 0.0000000000E+00 0.0000000000E+00 0.0000000000E+00 0.0000000000E+00
 2003 5.7960000000E+02 4.1731200000E+02 8.6940000000E+00 1.7388000000E+00 0.0000000000E+00 1.4490000000E+01 0.0000000000E+00 2.8980000000E+00 1.2751200000E+02 1.4490000000E+00 5.8000000000E-04 0.0000000000E+00 0.0000000000E+00 0.0000000000E+00 0.0000000000E+00 0.0000000000E+00 0.0000000000E+00 0.0000000000E+00
 2004 5.8260000000E+02 4.1947200000E+02 8.7390000000E+00 1.7478000000E+00 0.0000000000E+00 1.4565000000E+01 0.0000000000E+00 2.9130000000E+00 1.2817200000E+02 1.4565000000E+00 5.8300000000E-04 0.0000000000E+00 0.0000000000E+00 0.0000000000E+00 0.0000000000E+00 0.0000000000E+00 0.0000000000E+00 0.0000000000E+00
 2005 5.8560000000E+02 4.2163200000E+02 8.7840000000E+00 1.7568000000E+00 0.0000000000E+00 1.4640000000E+01 0.0000000000E+00 2.9280000000E+00 1.2883200000E+02 1.4640000000E+00 5.8600000000E-04 0.0000000000E+00 0.0000000000E+00 0.0000000000E+00 0.0000000000E+00 0.0000000000E+00 0.0000000000E+00 0.0000000000E+00
 2006 5.8860000000E+02 4.2379200000E+02 8.8290000000E+00 1.7658000000E+00 0.0000000000E+00 1.4715000000E+01 0.0000000000E+00 2.9430000000E+00 1.2949200000E+02 1.4715000000E+00 5.8900000000E-04 0.0000000000E+00 0.0000000000E+00 0.0000000000E+00 0.0000000000E+00 0.0000000000E+00 0.0000000000E+00 0.0000000000E+00
 2007 5.9145000000E+02 4.2584400000E+02 8.8717500000E+00 1.7743500000E+00 0.0000000000E+00 1.4786250000E+01 0.0000000000E+00 2.9572500000E+00 1.3011900000E+02 1.4786250000E+00 5.9100000000E-04 0.0000000000E+00 0.0000000000E+00 0.0000000000E+00 0.0000000000E+00 0.0000000000E+00 0.0000000000E+00 0.0000000000E+00
 2008 5.9445000000E+02 4.2800400000E+02 8.9167500000E+00 1.7833500000E+00 0.0000000000E+00 1.4861250000E+01 0.0000000000E+00 2.9722500000E+00 1.3077900000E+02 1.4861250000E+00 5.9400000000E-04 0.0000000000E+00 0.0000000000E+00 0.0000000000E+00 0.0000000000E+00 0.0000000000E+00 0.0000000000E+00 0.0000000000E+00
 2009 5.9745000000E+02 4.3016400000E+02 8.9617500000E+00 1.7923500000E+00 0.0000000000E+00 1.4936250000E+01 0.0000000000E+00 2.9872500000E+00 1.3143900000E+02 1.4936250000E+00 5.9700000000E-04 0.0000000000E+00 0.0000000000E+00 0.0000000000E+00 0.0000000000E+00 0.0000000000E+00 0.0000000000E+00 0.0000000000E+00
 2010 6.0045000000E+02 4.3232400000E+02 9.0067500000E+00 1.8013500000E+00 0.0000000000E+00 1.5011250000E+01 0.0000000000E+00 3.0022500000E+00 1.3209900000E+02 1.5011250000E+00 6.0000000000E-04 0.0000000000E+00 0.0000000000E+00 0.0000000000E+00 0.0000000000E+00 0.0000000000E+00 0.0000000000E+00 0.0000000000E+00
 2011 6.0345000000E+02 4.3448400000E+02 9.0517500000E+00 1.8103500000E+00 0.0000000000E+00 1.5086250000E+01 0.0000000000E+00 3.0172500000E+00 1.3275900000E+02 1.5086250000E+00 6.0300000000E-04 0.0000000000E+00 0.0000000000E+00 0.0000000000E+00 0.0000000000E+00 0.0000000000E+00 0.0000000000E+00 0.0000000000E+00
 2012 6.1050000000E+02 4.3956000000E+02 9.1575000000E+00 1.8315000000E+00 0.0000000000E+00 1.5262500000E+01 0.0000000000E+00 3.0525000000E+00 1.3431000000E+02 1.5262500000E+00 6.1100000000E-04 0.0000000000E+00 0.0000000000E+00 0.0000000000E+00 0.0000000000E+00 0.0000000000E+00 0.0000000000E+00 0.0000000000E+00
 2013 6.1755000000E+02 4.4463600000E+02 9.2632500000E+00 1.8526500000E+00 0.0000000000E+00 1.5438750000E+01 0.0000000000E+00 3.0877500000E+00 1.3586100000E+02 1.5438750000E+00 6.1800000000E-04 0.0000000000E+00 0.0000000000E+00 0.0000000000E+00 0.0000000000E+00 0.0000000000E+00 0.0000000000E+00 0.0000000000E+00
 2014 6.2475000000E+02 4.4982000000E+02 9.3712500000E+00 1.8742500000E+00 0.0000000000E+00 1.5618750000E+01 0.0000000000E+00 3.1237500000E+00 1.3744500000E+02 1.5618750000E+00 6.2500000000E-04 0.0000000000E+00 0.0000000000E+00 0.0000000000E+00 0.0000000000E+00 0.0000000000E+00 0.0000000000E+00 0.0000000000E+00
 2015 6.3180000000E+02 4.5489600000E+02 9.4770000000E+00 1.8954000000E+00 0.0000000000E+00 1.5795000000E+01 0.0000000000E+00 3.1590000000E+00 1.3899600000E+02 1.5795000000E+00 6.3200000000E-04 0.0000000000E+00 0.0000000000E+00 0.0000000000E+00 0.0000000000E+00 0.0000000000E+00 0.0000000000E+00 0.0000000000E+00
 2016 6.3900000000E+02 4.6008000000E+02 9.5850000000E+00 1.9170000000E+00 0.0000000000E+00 1.5975000000E+01 0.0000000000E+00 3.1950000000E+00 1.4058000000E+02 1.5975000000E+00 6.3900000000E-04 0.0000000000E+00 0.0000000000E+00 0.0000000000E+00 0.0000000000E+00 0.0000000000E+00 0.0000000000E+00 0.0000000000E+00
 2017 6.4605000000E+02 4.6515600000E+02 9.6907500000E+00 1.9381500000E+00 0.0000000000E+00 1.6151250000E+01 0.0000000000E+00 3.2302500000E+00 1.4213100000E+02 1.6151250000E+00 6.4600000000E-04 0.0000000000E+00 0.0000000000E+00 0.0000000000E+00 0.0000000000E+00 0.0000000000E+00 0.0000000000E+00 0.0000000000E+00
 2018 6.5310000000E+02 4.7023200000E+02 9.7965000000E+00 1.9593000000E+00 0.0000000000E+00 1.6327500000E+01 0.0000000000E+00 3.2655000000E+00 1.4368200000E+02 1.6327500000E+00 6.5300000000E-04 0.0000000000E+00 0.0000000000E+00 0.0000000000E+00 0.0000000000E+00 0.0000000000E+00 0.0000000000E+00 0.0000000000E+00
 2019 6.6030000000E+02 4.7541600000E+02 9.9045000000E+00 1.9809000000E+00 0.0000000000E+00 1.6507500000E+01 0.0000000000E+00 3.3015000000E+00 1.4526600000E+02 1.6507500000E+00 6.6000000000E-04 0.0000000000E+00 0.0000000000E+00 0.0000000000E+00 0.0000000000E+00 0.0000000000E+00 0.0000000000E+00 0.0000000000E+00
 2020 6.6735000000E+02 4.8049200000E+02 1.0010250000E+01 2.0020500000E+00 0.0000000000E+00 1.6683750000E+01 0.0000000000E+00 3.3367500000E+00 1.4681700000E+02 1.6683750000E+00 6.6700000000E-04 0.0000000000E+00 0.0000000000E+00 0.0000000000E+00 0.0000000000E+00 0.0000000000E+00 0.0000000000E+00 0.0000000000E+00
